0.013612308508770805
0.014288976410405888
0.014999076346679747
0.015744239288798423
0.01652617367103884
0.017346668857387438
0.01820759874172204
0.019110925484425462
0.020058703388115395
0.021053082914933883
0.022096314847554956
0.0231907545957428
0.024338866649903403
0.025543229182633048
0.026806538798778312
0.02813161543391673
0.029521407400576558
0.030978996580731562
0.03250760376235059
0.03411059411683699
0.035791482813216896
0.03755394076382245
0.03940180049498321
0.04133906213490458
0.04336989950944659
0.04549866633489601
0.04772990249508757
0.050068340388325853
0.052518911327517806
0.05508675197469922
0.05777721078877043
0.0605958544627187
0.06354847432386682
0.06664109266781834
0.06987996899370356
0.07327160610511282
0.0768227560376843
0.08054042577082776
0.0844318826773129
0.08850465966071033
0.09276655992668609
0.09722566133021536
0.10189032023666825
0.10676917483068192
0.11187114780265074
0.1172054483386952
0.12278157333606157
0.1286093077622404
0.13469872407260083
0.14106018059820766
0.14770431881273446
0.15464205938509915
0.1618845969227658
0.16944339330960276
0.17733016954193426
0.1855568959670352
0.19413578082991587
0.20307925703694998
0.21239996704878455
0.22211074582020268
0.23222460171122236
0.24275469530185412
0.25371431605265027
0.26511685676456953
0.27697578580475335
0.2893046170796499
0.30211687775350976
0.3154260737285969
0.32924565292347946
0.34358896640743164
0.35846922747211263
0.37389946874625807
0.38989249748484317
0.4064608491909115
0.4236167397557269
0.4413720163308211
0.4597381071735535
0.4787259707356314
0.4983460442912368
0.5186081924276128
0.5395216557456998
0.5610950001412192
0.5833360670570574
0.60625192511535
0.6298488235518852
0.6541321478857998
0.6791063782635803
0.7047750509176522
0.7311407231758642
0.7582049424486415
0.7859682196050441
0.814430007127252
0.843588682404809
0.8734415364952872
0.9039847686367827
0.9352134867500753
0.9671217141145484
0.9997024023425957
1.0329474507127943
1.0668477318533807
1.1013931236955046
1.1365725475414459
1.1723740120177315
1.208784662608294
1.2457908363899555
1.2833781215231486
1.3215314209864706
1.360235019985939
1.399472656420101
1.4392275937417494
1.4794826955269746
1.5202205010435421
1.5614233011035925
1.6030732134907726
1.645152257268946
1.6876424253082538
1.730525754403715
1.7737843924107934
1.8174006618800738
1.8613571197379284
1.9056366126301476
1.9502223276192021
1.9950978380013573
2.0402471440854675
2.0856547088493733
2.1313054884607925
2.1771849577161717
2.2232791305120023
2.2695745755176904
2.316058427266587
2.362718392921794
2.4095427550057424
2.4565203704072296
2.5036406659969774
2.5508936311930808
2.598269807821616
2.6457602776156857
2.6933566476890896
2.7410510343092827
2.7888360452791443
2.836704761218999
2.8846507160200705
2.9326678767187584
2.9807506230183938
3.028893726662036
3.07709233083684
3.1253419297680036
3.173638348638564
3.221977723950686
3.2703564844246973
3.3187713325141606
3.367219226598803
3.415697363902204
3.4642031641677415
3.5127342541144526
3.561288452684047
3.609863757081334
3.658458329602615
3.707070485240134
3.7556986800453154
3.804341500229185
3.852997651974922
3.9016659519348678
3.95034531838242
3.9990347629879057
4.047733383186817
4.096440355108435
4.145154927032981
4.193876413345807
4.242604188957795
4.291337684161986
4.340076379897491
4.388819803392855
4.437567524162301
4.486319150329524
4.535074325255082
4.583832724444693
4.632594052717118
4.681358041611607
4.730124447016154
4.778893046999036
4.827663639827329
4.876436042157212
4.925210087381968
4.973985624124627
5.022762514863161
5.071540634677072
5.120319870105087
5.169100118104435
5.217881285103017
5.266663286136403
5.315446044062295
5.364229488845683
5.413013556908493
5.461798190538035
5.510583337349049
5.5593689497945835
5.60815498472137
5.656941402965681
5.7057281689860755
5.754515250529691