-0.006074351223266058
-0.006377584292542217
-0.006695929424824598
-0.0070301371512907634
-0.007380995011546462
-0.007749329351213765
-0.008136007204030111
-0.008541938262133028
-0.008968076938348902
-0.009415424524422145
-0.009885031449262064
-0.010377999641406758
-0.010895485000041673
-0.011438699979036957
-0.012008916288589149
-0.012607467719190671
-0.013235753092751028
-0.01389523934582911
-0.014587464750025205
-0.015314042274692557
-0.01607666309721855
-0.016877100266190718
-0.017717212522848254
-0.018598948286249476
-0.019524349807623093
-0.0204955574993815
-0.021514814444254772
-0.022584471089963205
-0.023706990134756932
-0.024884951609071407
-0.026121058158350145
-0.027418140531925622
-0.028779163282586215
-0.030207230681145582
-0.031705592849974006
-0.033277652118996845
-0.03492696960717512
-0.03665727203183939
-0.03847245874759979
-0.04037660901570078
-0.04237398950383152
-0.04446906201530842
-0.046666491445410824
-0.0489711539613084
-0.0513881454005424
-0.05392278988136661
-0.0565806486164052
-0.059367528919056195
-0.06228949338979525
-0.06535286926705804
-0.06856425792464596
-0.07193054449462202
-0.07545890759138477
-0.07915682910909157
-0.08303210406074658
-0.08709285042313986
-0.09134751894735445
-0.09580490288979754
-0.10047414761360293
-0.10536476000485467
-0.11048661764233045
-0.11584997765346469
-0.12146548518290443
-0.12734418139347184
-0.13349751091258474
-0.13993732863021022
-0.1466759057473773
-0.15372593496715523
-0.16110053471292246
-0.16881325225181695
-0.17687806559456123
-0.18530938403653835
-0.19412204719921225
-0.20333132242589297
-0.21295290038162498
-0.22300288870383939
-0.23349780354857183
-0.2444545588767179
-0.2558904533262555
-0.2678231545198198
-0.2802706806627694
-0.2932513792951267
-0.3067839030718149
-0.32088718245962083
-0.3355803952565295
-0.3508829328596223
-0.36681436323176964
-0.3833943905448954
-0.400642811508667
-0.41857946842795646
-0.4372241990701604
-0.4565967834641519
-0.47671688779590543
-0.49760400561113705
-0.5192773965820644
-0.5417560231428253
-0.5650584853454081
-0.5892029543341616
-0.6142071048810774
-0.640088047464967
-0.6668622604143312
-0.6945455226649615
-0.7231528477081206
-0.7526984193224596
-0.7831955296918096
-0.8146565205108178
-0.847092727670624
-0.8805144300969308
-0.9149308032829524
-0.9503498780198599
-0.986778504778006
-1.0242223241340875
-1.062685743573442
-1.1021719209240801
-1.1426827546012868
-1.1842188807601612
-1.2267796773701065
-1.2703632751416858
-1.3149665751542396
-1.36058527295393
-1.4072138888179628
-1.4548458038132042
-1.5034733012173935
-1.5530876128197377
-1.6036789695755955
-1.6552366560577256
-1.7077490681243632
-1.7612037732122325
-1.815587572660112
-1.870886565475312
-1.9270862129706416
-1.9841714037223064
-2.0421265183286437
-2.10093549348474
-2.160581884927475
-2.221048928848538
-2.282319601418165
-2.3443766761088325
-2.407202778554984
-2.470780438731084
-2.5350921402752773
-2.600120366828913
-2.6658476453027564
-2.7322565860183508
-2.7993299197074704
-2.8670505313837187
-2.9354014911279256
-3.0043660818530973
-3.0739278241353567
-3.1440704982145804
-3.214778163282591
-3.2860351741878713
-3.3578261956941358
-3.430136214435928
-3.5029505487179815
-3.576254856306592
-3.650035140361071
-3.7242777536515423
-3.798969401206358
-3.8740971415282393
-3.9496483865133287
-4.025610900201608
-4.101972796481005
-4.17872253586094
-4.255848921424269
-4.333341094059685
-4.411188527069714
-4.489381020242529
-4.5679086934691115
-4.64676197998068
-4.725931619275005
-4.805408649794127
-4.885184401410232
-4.965250487770955
-5.045598798550198
-5.1262214916457545
-5.207110985360456
-5.288259950599408
-5.369661303111972
-5.451308195803543
-5.533194011138945
-5.615312353656163
-5.6976570426064805
-5.780222104734488
-5.863001767209253
-5.945990450715858
-6.029182762714655
-6.112573490874013
-6.196157596680768
-6.279930209231366
-6.363886619205484
-6.448022273022905
-6.532332767183543
-6.616813842789724
-6.701461380249152
-6.786271394156432
-6.871240028350476
-6.956363551144785
-7.041638350727139
-7.1270609307250385
-7.2126279059329645